64 48 120
CIPHER c7c2f638024d51defb31127de01d88d922ea9c04d7038c2ae8a0836f43bc2b8038c614e8867723
0000101110000110000110010000000110100010100010000000011100000100
0001000000000100010100001000110000010000000000010101011000000010
0000000010101100100011111110000000010000000000000010010011010100
0101110011010010000011100011010110000000000000100000001101010011
1101100000000010000101000100001000011000000110110000000100101010
0000100011000001110010010110101000011100000001000000101011100001
1000100000011000000001010001110000000110110000100111000001100110
1011010000010001001000110010111100100101001110001001100010000000
1101000010010100010100100100000000000100000110100101011010010001
1001000011000100000010101001001010000001000001100000001001010001
0111100001100100001000100100000000001100001001000010000000000101
0001100110010010010000000001011111010000011000000111000010010010
0001000101001001100010100010000000001001001000000000010010000101
0001010010010000011110010101000010011000001001001100100111000000
1000100001100101000110011101001110000110000001100010000000000000
0000000100000100100001010101000000010000101111000111001001100001
0001011000000011001000000010010010111001100000000000000001111011
1000010100100000001100001000100110111001101000101000000001000001
0011100111000000000000111000100001001010111000000101001000000000
1000100010100010100000010000000010001110100000100000011000000001
0101010010110010000001100101110010000000001000101001010000000100
0000100000000010001100010010011100001010101100000000000110100010
1010011001000000100000000000011000101010010011000000000000001100
0100001001100001000000000000000101100000000001000011010010100101
0000100010001000100001010101100110010000100000010000100011100000
0010100000100010000000001010000010100011011001000000000100000000
1010010000110010001101100000000110011101000010010011000000010100
0000000011100010100000000111010000100010000000001000000000101000
0001010100001001000000000000000001010111000001110000010010100001
0000000000000010010100100010000000001000010100000000100001000100
1001001110110001000010110000000001010000001000001000110110110000
0110110001011000011000001000111000001010000000000001000011100000
0000000010100010001000101101011010000010001100010010111010000101
0000110011000100001100010001000101000000010000101100101001000000
0101001011000001111110100010111000010000010000100000010011000001
1001000000000010000010000000100101101001000010010000010000001001
1001000010001100000010000100010001011010001000110000000100010100
0001011101010101101001100000000010000000010001110000001001101000
1100110001101000000000100000010001000100001010001000011010011101
0000001110000100000110011001110000010010110000100001000000010101
1100010001000010101010010100000010000000011111001011100010000111
0010110010000000000110010000000100110001100100011101100100101000
0101100011011011011101001100000100000001000000001010000001000100
0001001100000011000000101010100011110001110000010000000010110110
0000100010000000001000000000000101000000101110000000011101000100
0011010000000000011101011000101001000100000000000011010000001000
0110011010000100000000100010010000011100010101100111000010000100
0011010001111001000101010101100111010001110000010000111101001000
