CIPHER 4d18fd3fd8db1d16b8d7e6e50661c680840c574e7635e124a58492d8fa58fbba2c6a860c33b9280afe16
21438988093
14550870557
334846722883
42659974919
452756618687
394601700323
197732795999
46844954833
489968186101
825482865703
221664936901
87968431877
347875598009
287236250437
7239087719
218016097769
173182855387
16182541637
163305852737
273603538147
622242189839
271528008601
42236004449
271743482341
451356359569
27804658247
703245298751
206764600547
98881400279
110795569069
320414019221
52300399159
267931419143
251367885487
588236268313
189452743231
817733365063
149714189623
143935053293
193016857219
470680966519
305606873401
