CAP 2000
N 60
278 950
107 585
174 670
48 974
124 491
112 97
181 413
74 139
237 746
188 565
191 874
97 152
23 883
61 177
161 312
273 334
115 271
27 991
99 494
256 954
111 666
271 693
100 106
182 357
199 673
116 524
189 107
96 611
102 513
187 875
199 979
49 352
239 852
115 175
244 183
204 859
223 494
59 335
281 805
278 378
67 610
221 849
264 627
141 769
259 804
20 799
85 410
144 127
49 218
21 892
46 714
291 794
149 87
116 332
103 915
40 471
139 83
190 463
157 303
106 228
CIPHER 27e017bd2cc9413c88a156ec53a10b64f3485935364e9699e6abe716ac51749bbfaa1e9c54b42094
