441
-62661 -853457 x
-217650 247018 Z
1062 -25532 9
449347 -484024 P
-178722 165907 s
-203490 -206250 8
-158415 -481667 E
160480 -194861 s
102303 -738069 R
74185 453742 H
-3590 7147 g
-181192 134367 I
-553457 -159057 5
15176 359619 y
-152649 -988280 }
-981708 -190391 e
-586 352249 v
346018 -775180 G
-209134 -137073 N
25604 4690 M
-189595 39461 L
-30968 576127 K
-52062 70888 K
-147860 283240 a
-263750 -5817 f
145619 142590 p
-279437 658940 A
-56249 -609917 s
-229960 -43183 p
-175854 -260899 O
-112637 622695 8
-22706 -1604 I
265166 -637131 k
455406 704521 L
-267352 -256599 S
38084 222670 C
501904 -244672 B
-22306 -276847 2
234232 -86003 H
-643602 69076 I
221261 12589 z
-187476 -860431 q
337771 555147 C
25949 -59593 z
383197 205950 A
-666322 391389 4
468871 95361 8
495185 -726462 K
582589 645913 e
231698 -6681 M
-562690 260959 6
-443239 496571 C
-238500 -86952 S
255618 -205496 3
999266 -38303 x
11748 -94326 }
827399 -136523 E
-225858 8858 4
-173837 563168 R
-845020 -113778 f
575319 -817929 {
-167010 10417 6
-668544 -184413 Q
128160 229227 9
-167304 -421673 C
144943 -40583 0
-443720 -896166 c
198056 -196248 H
76549 997066 k
981708 -190391 e
-476735 375161 q
-446725 165339 r
839365 543568 l
-78937 -121932 8
136996 280117 p
-188843 823235 i
-772397 160626 i
68220 -35841 y
406839 -274589 q
279129 -457268 z
-729105 222884 a
-291371 144248 D
195079 388150 e
138927 -37846 k
-373817 927502 t
410653 702953 g
964253 264982 h
201814 -108299 r
320033 -196735 7
-636242 771489 e
-42158 -90353 J
-111576 -71402 r
18667 22135 L
-3884 -27207 L
-912504 409069 e
7399 -17087 8
20921 694025 9
-21692 881 W
143942 632308 {
-497984 -220415 K
-199380 18494 M
-114574 450141 O
412448 200906 d
-115338 -229350 K
-494767 -725969 4
-465037 -724214 b
-106082 479259 U
-425819 54862 D
-578098 -346097 a
228405 428752 I
-29007 22047 U
-197292 -266065 m
-667717 95579 d
528726 288528 V
390779 -565773 U
-33022 17436 Q
-278941 375344 8
-184683 749866 B
-239565 44349 6
-710480 -237342 A
-3579 -93203 S
165218 -108922 L
-878512 -477720 e
-830972 -59972 4
47970 4868 b
420262 -624752 K
130449 -126151 F
205185 -199692 7
-120688 618900 e
426785 55894 c
229558 -190745 g
-51593 787907 B
-693433 -720522 _
-235664 -205212 8
-195899 116079 O
339081 -150140 o
-15696 -170588 s
-440347 -511878 N
-326951 -224673 0
-512244 -104913 U
-559457 -469675 l
84591 527190 n
166992 -53961 M
-964253 264982 r
443060 705583 g
425419 -463622 q
225943 527472 7
243043 -119311 {
733586 13742 6
143071 -131035 R
198998 508042 3
-162220 -358812 J
637197 92048 q
-46563 75331 5
174909 166463 y
118488 -288066 g
-131809 -120920 S
334239 -327497 s
-437889 -56042 {
371455 -337522 Y
993402 114683 _
-105567 -146163 e
69124 -65709 T
161333 347058 h
-993402 114683 i
152649 -988280 C
-355853 28896 }
38597 729377 s
370916 185678 d
77393 -143093 1
-41032 316781 x
-80542 106649 y
230195 -168315 A
-510862 -554190 1
-941140 -338017 t
364141 -437046 s
601985 -317940 G
795293 -606225 o
-809375 258695 C
653407 -277538 _
-571168 -263228 E
-25423 -2159 x
-365515 204361 U
267689 -791869 j
-66572 -185812 8
-95665 -13964 V
-551641 -25110 {
-696827 394866 a
-112301 569098 A
506525 588251 1
242800 -426181 Y
-303672 65244 q
-209348 135526 N
-675885 591227 m
25100 641506 U
-455140 -493939 y
-340964 -420035 N
-35206 215830 B
-54338 -88223 T
-511487 731395 U
-389439 -396451 h
159396 27915 V
36535 32798 L
-470356 -206139 n
-40576 -56683 T
30490 403262 3
-535807 -97393 S
-8961 58953 v
-459591 -732284 J
-154329 -163496 o
188761 790589 2
-610818 658168 P
191983 -70376 l
-20303 -42962 k
-37822 11030 9
912504 409069 u
-192462 -393671 3
258515 -486507 v
-418263 366809 S
-195926 -194286 9
737311 209398 C
-227854 973695 _
301721 -953396 T
-645335 -333364 X
-33900 -107113 k
-467812 -49078 h
114191 83661 2
878512 -477720 n
-289950 -430651 3
780176 185088 l
412210 -582599 2
-156705 18518 7
-117222 25986 R
-677876 95655 e
636242 771489 _
-15508 5984 V
534438 121658 {
-112372 -123047 r
776386 -56869 R
-8698 -6523 E
-746553 665326 _
687559 -296679 y
-308234 529646 v
13185 -2389 3
650718 -373211 z
48885 -51665 l
-329366 -232970 N
187548 60845 V
-188221 179436 q
-305778 372970 y
-115499 -305146 c
-153205 40914 v
32955 -35911 3
-328398 -229326 d
294065 -809078 E
-257321 -133353 j
-523902 -661650 k
-144432 -288302 u
20909 -69442 0
42263 -627713 A
471159 308032 O
1763 519387 a
355412 528349 V
-111287 -250729 p
-142737 428597 a
-357796 -16287 l
-717996 -224425 L
264285 -377655 {
4529 11778 F
-687636 -100594 X
-76549 997066 s
530518 146780 X
309508 686653 m
-20000 51326 t
7683 -188723 l
343915 183937 A
602337 629194 H
941140 -338017 v
-349244 121890 x
-858422 168974 W
-301721 -953396 w
427809 276086 d
-237122 59798 A
-11356 -10710 L
373817 927502 a
279223 -406808 Z
-303350 125522 H
-34454 -16414 j
189142 -14263 9
-550141 -509008 7
693433 -720522 c
-11256 198457 b
746553 665326 l
-367174 30111 k
80171 -81761 1
55269 -128715 T
46649 -8385 W
24790 -688295 I
418209 -115026 7
-539682 580014 L
-441547 -378354 n
151284 371572 4
444913 -254352 i
192899 -182794 P
244388 -23250 J
111900 -604334 Z
66984 -18703 d
636177 610389 j
6705 -80474 g
-673266 386001 7
655521 104972 P
-264517 303032 y
688883 94637 P
-463189 -596121 k
-509605 -649851 m
-41073 -39939 b
115610 72745 q
460915 -679390 I
127667 28301 F
-434759 697517 i
303158 -457863 2
-133493 -307864 V
196382 164026 X
-839365 543568 p
-679954 5677 z
-522823 346918 _
-23939 -218354 t
-464070 -345429 Q
251259 -448880 S
-15162 -685859 u
109540 31677 P
42703 -755294 m
682937 -102957 b
-617548 168221 1
-9990 9194 R
200553 -152278 s
790645 -142246 0
227854 973695 l
-159891 -72870 k
-32789 -61955 y
53024 23321 M
-511019 859570 h
187293 -173448 E
3376 -3240 y
-78374 288335 c
52173 10077 k
-859218 163321 z
511019 859570 w
304748 486281 y
-52418 -208789 P
113584 108024 {
-14591 -20609 N
-268520 124256 {
192658 207068 D
-613978 376774 S
-382392 621613 w
361811 116298 D
-3028 241696 5
587571 -431648 z
443720 -896166 F
-11456 744996 z
0 -1000000 N
-67810 -581403 G
-118154 523282 7
109142 -623339 d
-575319 -817929 c
-422210 86970 m
-595444 -212093 5
354303 -761703 p
-572586 486298 a
-420358 -12433 t
428674 70389 r
-331156 -6394 Z
-164736 -260639 7
642055 127376 K
330647 82616 G
-139683 -366613 0
336952 455111 9
312164 -201026 R
-278850 -425420 c
160642 599164 X
-326732 576986 Z
71489 14764 x
256544 -55488 m
-33474 346681 P
-80568 -659554 k
40333 470783 3
-686 -464623 7
28410 -335223 C
11588 -203555 C
681260 200418 P
-35952 32889 r
842029 61033 g
879208 72213 o
-217520 -338165 c
-156677 134923 Y
620247 -394783 B
-216296 572008 K
-538108 683878 D
310916 -672233 P
201182 491059 Q
-13050 -160819 K
76821 -244657 0
740896 -141559 b
-647849 -246971 q
-166733 -443194 q
-69420 686474 O
-419581 51428 g
-37194 654143 e
154337 -147678 0
-250391 480486 p
-380616 -290360 q
181508 145899 E
118881 5704 R
438961 134502 f
171437 -82622 M
-110395 714071 M
-178942 -202608 7
-446563 25392 Y
674631 241669 D
-999266 -38303 m
-107006 -398091 g
-795293 -606225 r
-56924 -247266 l
-50341 -197293 3
-68481 -8395 M
355402 -717624 m
580771 -280282 X
439078 -572116 1
169805 -261863 8
558603 -444180 q
55748 374638 }
20418 8510 m
-464731 -326517 l
30071 -119457 r
-41530 -863903 G
-65468 396205 x
-65128 -276480 {
-336337 259516 q
-228555 -242273 6
567775 564961 J
