4116735509
2500757463
2657840376
744564572
70105379
520141984
2850731782
1841078928
818937306
1276159230
3304929613
4067426124
2020240685
1746182844
1820345029
2724934942
3154451564
1417023103
2779014765
3569387648
4007195111
694225632
4266791909
3276527842
3925545533
1817227190
2729053085
1864945685
3953956015
1312315796
2914669262
424645957
1485801519
3329609221
491486962
1474202629
657713459
3650678744
1066349057
1844582083
3411531224
299659071
570580485
2288035911
2859398704
857171049
3317195991
1618282475
2368319814
2049904904
1875004291
3658545834
801872192
769820913
4010020966
3112777695
3545597726
3712708910
1244541476
3317141553
4194402007
134072457
295223061
2179902935
1113226721
977678428
1725973517
2863384787
3307018846
863057487
449071984
1197727001
1447487184
23433413
2179250663
192572957
4050556954
3852642494
2727508345
292027300
458443655
1023519759
1429391463
3531235087
898311379
3995519936
3392956928
2614835634
443815253
2380296126
562481333
3592780617
1402226163
3739702172
516010161
1124553023
4026354989
494472138
1137656378
3726177546
892840004
3547101355
438909755
1689641976
1984362665
3907974102
2957472157
2827827101
64865215
4051162271
1385585610
2806382037
1883822794
3501630570
2234385408
4243035032
1663097827
1980537717
2150047380
1314042905
2325843779
692020612
1146015986
1376649566
2965041193
2034234651
2407965290
2061063510
3968205529
477234691
3565671234
3498997093
188996603
822249513
2388257287
3574376862
1841015923
1814358060
2386925023
3080797646
4027704883
3910897345
3986323129
2459156298
3414176254
1975730063
2241368726
511455699
3724288254
1433723668
2570119022
3514674483
1065772782
2902178346
233762823
2766342019
3914287024
2412581132
2513913909
3781560897
578638125
3604553017
1774970603
716898697
1787959363
164537000
2477307352
1072293732
3513501886
1613729415
3610266806
3816209784
1643085308
1955037641
1231706379
4284359740
1030869080
144258217
489560622
1038802045
305394144
3829655043
3030517097
1521851664
1054764818
1702969831
662055803
4124339585
2340933579
2904412480
1611152509
4189038151
1629199193
3081145000
2825896092
3626501486
2022900523
470477224
2739661162
885563484
1511059119
3378949846
2450555615
1803428336
130232739
1851628080
1425373571
973604519
4151738326
168272280
2213821892
4034017923
2185317695
4217759269
274736565
1346705138
4273494507
2698456853
1051130701
290848850
999798473
467906060
1689876310
1608691987
2547951080
1519031360
3205699576
3274728491
4284043129
4038076758
723197528
2751475088
689089439
3124043037
2030517337
1450581640
2742280219
957522172
3505378559
3959442161
64175495
2300138770
440721312
1693998505
4021603025
567445464
148329622
389199709
3324320348
660746821
3964703706
2558180201
1653481928
3930443183
1300926596
41059151
3257997403
2875824850
295627028
1878206452
2563394623
1795601216
492663554
1918132505
1370456085
1360098226
3280236238
3955211051
494182528
3985340909
184799457
2536944287
769872908
3467578868
3971920495
1466713914
2158031485
1736631343
749713692
4087284062
635915682
691808228
3267933442
437828017
3081938235
1930769900
3237441113
1333631752
1964084193
1041325630
3716160948
1755165708
1301266498
965887529
4287585535
3222859379
1475642974
2741301680
4193443040
3176764337
2794415553
531853410
3396369042
710880650
489253908
1072769372
341179565
1319632554
4082424616
3028596947
2049892404
3740656464
2724609795
440842723
394096854
1449503907
454774499
916588768
3812229942
8531668
578068052
2637943566
1697013733
1882613457
1653010289
3957604748
670871794
3766456661
1350995100
3488467065
2018429883
2508345495
540594478
275083977
561414702
2042041127
218082865
2164426665
2956726280
2089769540
1381345913
288450403
1789622757
2667970613
3356288032
1436340152
641111545
872175581
3742052445
3257504581
3670637243
890882952
1046351942
3977328619
2388559667
582405784
1473169809
3820844735
1042710993
1075910565
856433556
4007953709
791884991
2236052305
1284893298
3487989893
3255433117
3819615197
4215588514
2726571186
2700402010
843328257
735471574
3858482896
1646072378
876368770
2016024720
1823848402
2554404843
4010058917
4257405911
833595905
665490587
1466041135
3519641493
858065074
3416776141
3107641311
559717259
1227921514
1071868439
1018127498
4232346239
1309870496
4269766462
27093701
185497404
1668356283
175803148
3122128829
3395898489
548999727
2393178391
2960604699
3481416567
2772743890
355009916
1043210500
2720958696
30846682
1002958509
1731967253
93062699
4080197317
4182996273
2150494958
358787126
652049477
4030520887
208856561
3475518298
3940711467
61630045
2491611850
835893769
1735698688
1069378864
3870522400
359859377
3378025307
2833659590
2667054183
4037994261
2815898662
3184145471
1254118743
2313068336
1707219283
2819656743
2068511936
3691297788
2475636146
13498983
1680754758
2039076838
2299290258
1262985611
298892311
2401402415
3501075270
221786817
3119778260
1283894265
2742385092
4006606726
3429495643
2891060279
1020677396
1531699767
3093349796
731205820
1024954831
2828683118
1281050406
607653814
316840235
3435219239
263749988
3711592645
2647264220
3593015043
3943577588
322956852
243873496
1730062901
779587192
4211716749
1634644649
1562598571
2864759342
2493838103
2907502124
2628338875
3476774633
605259562
3253733325
152998471
419293095
2584648752
3907869017
2658233149
2956376798
3367572145
2458198368
2415243547
1504548937
1218897867
3558029769
2668890958
1014603776
1010585920
874015965
860093808
2442881639
4181893366
3132428814
113372273
1015027408
1737946527
685901968
1992914746
4225363899
1039509876
4090944092
4277455444
581213991
870326108
691398437
916539452
3815752307
3604589619
2443608605
1802539675
1932044151
1268830616
275358225
585752039
2981877639
3619062373
4021452014
2537846827
1702331098
11988009
837734823
606413973
2585668987
53924417
2853845902
4063872744
1050069288
1750558563
3648502863
3359414510
4123123951
1042952920
1200139826
982943541
2052228837
3408572292
284885463
2585344179
3784184398
3035276801
837716403
4231108301
2496428914
3828123962
1458399991
385100542
4141556923
1899048493
3213084855
2734099622
950196633
198022075
3442420428
791001431
2766840972
2107592160
392552162
2096389099
827616755
2188380492
1408827778
2246229882
384598305
1269018277
3184159651
4118904584
416685153
1061739224
2751755614
2323888129
1559728442
2945226893
3207594574
1927709442
3347845608
3322310307
3765458370
567608354
3338768938
3274793756
211747520
692356623
1262397735
3094016489
2368656831
3869941694
903576228
904327555
3426166693
1429044316
3238723462
2606520579
3745801311
3372441434
2762486551
1111481073
3023537194
526636475
600078649
37808705
2056335328
2041424712
2765824834
404699976
2993525982
1094221369
1271063735
58423272
1428561149
1131245082
555938840
